cpt: BP | CO TPR
[[[0.2914 0.3184 0.3901]
  [0.0214 0.9348 0.0437]
  [0.0845 0.5782 0.3374]]

 [[0.3412 0.1189 0.5399]
  [0.8170 0.1176 0.0654]
  [0.0971 0.7960 0.1070]]

 [[0.2915 0.0326 0.6759]
  [0.8085 0.1698 0.0216]
  [0.3415 0.2324 0.4261]]]

cpt: VENTALV | INTUBATION VENTLUNG
[[[0.0047 0.0087 0.9796 0.0070]
  [0.0073 0.0299 0.9470 0.0158]
  [0.0071 0.0065 0.9832 0.0031]
  [0.0025 0.0019 0.9940 0.0016]]

 [[0.4820 0.0010 0.0008 0.5162]
  [0.8148 0.0156 0.0033 0.1664]
  [0.0877 0.0001 0.0005 0.9116]
  [0.0085 0.0002 0.0001 0.9912]]

 [[0.4441 0.0266 0.0599 0.4694]
  [0.0689 0.6206 0.1305 0.1800]
  [0.3503 0.4027 0.2150 0.0319]
  [0.0281 0.3510 0.0794 0.5415]]]

cpt: INTUBATION | 
[0.0512 0.9459 0.0029]

cpt: MINVOL | INTUBATION
[[0.9814 0.0025 0.0146 0.0015]
 [0.0004 0.6711 0.0886 0.2399]
 [0.0018 0.7496 0.2463 0.0023]]

cpt: PRESS | INTUBATION
[[0.0094 0.3843 0.3153 0.2910]
 [0.2470 0.4642 0.1533 0.1355]
 [0.0467 0.0241 0.9253 0.0039]]

cpt: VENTTUBE | DISCONNECT VENTMACH
[[[0.1340 0.2763 0.2305 0.3591]
  [0.0637 0.2544 0.3777 0.3042]
  [0.2324 0.1549 0.5798 0.0329]
  [0.3530 0.2014 0.2967 0.1489]]

 [[0.3878 0.0943 0.2348 0.2830]
  [0.5787 0.1140 0.2157 0.0916]
  [0.2024 0.0215 0.5748 0.2013]
  [0.1897 0.0359 0.0248 0.7496]]]

cpt: DISCONNECT | 
[0.1001 0.8999]

cpt: VENTMACH | MINVOLSET
[[0.1603 0.3499 0.2941 0.1958]
 [0.0538 0.4524 0.3767 0.1171]
 [0.2236 0.2258 0.5166 0.0340]]

cpt: MINVOLSET | 
[0.1628 0.3916 0.4456]

cpt: VENTLUNG | KINKEDTUBE VENTTUBE
[[[0.1338 0.0724 0.4635 0.3304]
  [0.0537 0.1148 0.5720 0.2596]
  [0.2262 0.0465 0.7081 0.0192]
  [0.3841 0.0611 0.4274 0.1273]]

 [[0.2299 0.0218 0.3930 0.3553]
  [0.4312 0.0570 0.3953 0.1165]
  [0.2348 0.0062 0.5283 0.2307]
  [0.0503 0.0052 0.0121 0.9324]]]

cpt: KINKEDTUBE | 
[0.0533 0.9467]

cpt: ARTCO2 | VENTALV
[[0.2767 0.7095 0.0139]
 [0.0275 0.1466 0.8258]
 [0.0041 0.0027 0.9932]
 [0.4413 0.5541 0.0046]]

cpt: EXPCO2 | ARTCO2
[[0.5827 0.2524 0.0615 0.1034]
 [0.4292 0.3450 0.0538 0.1720]
 [0.0005 0.9526 0.0380 0.0089]]

cpt: CATECHOL | INSUFFANESTH ARTCO2 SAO2
[[[[0.9535 0.0465]
   [0.5666 0.4334]
   [0.1267 0.8733]]

  [[0.9979 0.0021]
   [0.9978 0.0022]
   [0.0068 0.9932]]

  [[0.9899 0.0101]
   [0.9885 0.0115]
   [0.3886 0.6114]]]


 [[[0.6644 0.3356]
   [0.8257 0.1743]
   [0.0710 0.9290]]

  [[0.9192 0.0808]
   [0.9476 0.0524]
   [0.1116 0.8884]]

  [[0.7313 0.2687]
   [0.3069 0.6931]
   [0.3777 0.6223]]]]

cpt: INSUFFANESTH | 
[0.9928 0.0072]

cpt: PVSAT | FIO2
[[0.0304 0.9263 0.0433]
 [0.0029 0.9883 0.0089]]

cpt: FIO2 | 
[0.0200 0.9800]

cpt: SAO2 | SHUNT PVSAT
[[[0.0096 0.9858 0.0047]
  [0.0002 0.9995 0.0002]
  [0.0189 0.9704 0.0107]]

 [[0.0628 0.9085 0.0287]
  [0.0277 0.9616 0.0107]
  [0.0532 0.9345 0.0123]]]

cpt: SHUNT | PULMEMBOLUS
[[0.9870 0.0130]
 [0.9884 0.0116]]

cpt: PULMEMBOLUS | 
[0.7119 0.2881]

cpt: PAP | PULMEMBOLUS
[[0.1474 0.7906 0.0620]
 [0.0230 0.4379 0.5392]]

cpt: HREKG | HR ERRCAUTER
[[[0.8428 0.1139 0.0433]
  [0.0069 0.7518 0.2413]
  [0.3019 0.5071 0.1910]]

 [[0.9534 0.0318 0.0148]
  [0.0241 0.2296 0.7463]
  [0.5481 0.3372 0.1147]]]

cpt: ERRCAUTER | 
[0.1065 0.8935]

cpt: HRBP | HR ERRLOWOUTPUT
[[[0.1696 0.8055 0.0249]
  [0.0269 0.3736 0.5995]
  [0.2535 0.7361 0.0104]]

 [[0.8980 0.0843 0.0178]
  [0.0754 0.0990 0.8256]
  [0.7423 0.2554 0.0023]]]

cpt: ERRLOWOUTPUT | 
[0.0277 0.9723]

cpt: HR | CATECHOL
[[0.6994 0.2522 0.0484]
 [0.0214 0.8233 0.1553]]

cpt: HRSAT | HR
[[0.6112 0.3784 0.0104]
 [0.0029 0.2292 0.7679]
 [0.3894 0.3884 0.2222]]

cpt: LVEDVOLUME | HYPOVOLEMIA LVFAILURE
[[[0.0587 0.0328 0.9085]
  [0.0007 0.9436 0.0557]]

 [[0.0159 0.9841 0.0000]
  [0.4699 0.3834 0.1467]]]

cpt: LVFAILURE | 
[0.4847 0.5153]

cpt: HISTORY | LVFAILURE
[[0.9527 0.0473]
 [0.0000 1.0000]]

cpt: PCWP | LVEDVOLUME
[[0.0003 0.9994 0.0003]
 [0.0007 0.0027 0.9966]
 [0.1681 0.2608 0.5711]]

cpt: CVP | LVEDVOLUME
[[0.0088 0.9867 0.0044]
 [0.0471 0.4146 0.5383]
 [0.0942 0.0502 0.8556]]

cpt: STROKEVOLUME | HYPOVOLEMIA
[[0.9634 0.0223 0.0143]
 [0.0313 0.2815 0.6872]]

cpt: HYPOVOLEMIA | 
[0.2103 0.7897]

cpt: CO | STROKEVOLUME HR
[[[0.0209 0.2122 0.7668]
  [0.0052 0.9576 0.0372]
  [0.0109 0.9813 0.0077]]

 [[0.4344 0.0363 0.5293]
  [0.9059 0.0657 0.0284]
  [0.0406 0.8963 0.0632]]

 [[0.4155 0.0047 0.5798]
  [0.9671 0.0256 0.0073]
  [0.3424 0.2925 0.3650]]]

cpt: TPR | ANAPHYLAXIS
[[0.0666 0.7351 0.1983]
 [0.0618 0.7341 0.2040]]

cpt: ANAPHYLAXIS | 
[0.2739 0.7261]

