cpt: BP | CO TPR
[[[0.5419 0.0704 0.3877]
  [0.1042 0.6595 0.2363]
  [0.6458 0.2334 0.1208]]

 [[0.0998 0.0290 0.8712]
  [0.2252 0.5978 0.1770]
  [0.7098 0.2414 0.0488]]

 [[0.3431 0.1239 0.5330]
  [0.1761 0.3450 0.4789]
  [0.7390 0.1575 0.1035]]]

cpt: VENTALV | INTUBATION VENTLUNG
[[[0.0626 0.0431 0.0647 0.8296]
  [0.0499 0.2079 0.1031 0.6391]
  [0.2804 0.1629 0.1191 0.4377]
  [0.0971 0.1136 0.2088 0.5806]]

 [[0.1309 0.5037 0.2433 0.1221]
  [0.5152 0.1697 0.0578 0.2573]
  [0.2694 0.2282 0.2163 0.2860]
  [0.0332 0.0671 0.1023 0.7975]]

 [[0.2969 0.0755 0.0568 0.5709]
  [0.0109 0.0100 0.0212 0.9579]
  [0.6951 0.0124 0.0729 0.2197]
  [0.0152 0.0058 0.0160 0.9631]]]

cpt: INTUBATION | 
[0.1041 0.0725 0.8234]

cpt: MINVOL | INTUBATION
[[0.0395 0.0498 0.1345 0.7762]
 [0.0161 0.2528 0.2348 0.4963]
 [0.2896 0.3492 0.1452 0.2160]]

cpt: PRESS | INTUBATION
[[0.1508 0.3309 0.2379 0.2803]
 [0.0240 0.5877 0.3249 0.0635]
 [0.1457 0.1021 0.1655 0.5868]]

cpt: VENTTUBE | DISCONNECT VENTMACH
[[[0.1230 0.0921 0.1318 0.6532]
  [0.0384 0.4944 0.2034 0.2638]
  [0.2688 0.3117 0.1754 0.2441]
  [0.0804 0.2733 0.3865 0.2597]]

 [[0.0797 0.7136 0.1432 0.0635]
  [0.3139 0.4992 0.0703 0.1166]
  [0.1995 0.4503 0.2082 0.1420]
  [0.0476 0.2843 0.2137 0.4543]]]

cpt: DISCONNECT | 
[0.3584 0.6416]

cpt: VENTMACH | MINVOLSET
[[0.1254 0.1044 0.1704 0.5998]
 [0.0357 0.4516 0.2802 0.2325]
 [0.2080 0.3454 0.2399 0.2066]]

cpt: MINVOLSET | 
[0.2313 0.2921 0.4766]

cpt: VENTLUNG | KINKEDTUBE VENTTUBE
[[[0.0370 0.0470 0.0418 0.8742]
  [0.0143 0.4612 0.0576 0.4669]
  [0.0647 0.3787 0.0642 0.4924]
  [0.0309 0.3205 0.1306 0.5180]]

 [[0.0321 0.8630 0.0511 0.0538]
  [0.0471 0.7621 0.0210 0.1698]
  [0.0490 0.6681 0.0657 0.2173]
  [0.0158 0.1487 0.0614 0.7742]]]

cpt: KINKEDTUBE | 
[0.4529 0.5471]

cpt: ARTCO2 | VENTALV
[[0.0481 0.0649 0.8870]
 [0.0596 0.1935 0.7469]
 [0.2743 0.1485 0.5772]
 [0.0088 0.0325 0.9587]]

cpt: EXPCO2 | ARTCO2
[[0.0501 0.0406 0.0815 0.8278]
 [0.0476 0.1633 0.3020 0.4871]
 [0.0943 0.4032 0.2507 0.2518]]

cpt: CATECHOL | INSUFFANESTH ARTCO2 SAO2
[[[[0.9319 0.0681]
   [0.5568 0.4432]
   [0.8549 0.1451]]

  [[0.6026 0.3974]
   [0.2990 0.7010]
   [0.7144 0.2856]]

  [[0.6509 0.3491]
   [0.4022 0.5978]
   [0.8164 0.1836]]]


 [[[0.9692 0.0308]
   [0.9924 0.0076]
   [0.9548 0.0452]]

  [[0.9869 0.0131]
   [0.9517 0.0483]
   [0.8970 0.1030]]

  [[0.7285 0.2715]
   [0.5187 0.4813]
   [0.9643 0.0357]]]]

cpt: INSUFFANESTH | 
[0.1952 0.8048]

cpt: PVSAT | FIO2
[[0.0864 0.0477 0.8658]
 [0.0223 0.1381 0.8396]]

cpt: FIO2 | 
[0.5069 0.4931]

cpt: SAO2 | SHUNT PVSAT
[[[0.7793 0.0820 0.1386]
  [0.1070 0.7040 0.1890]
  [0.8410 0.0958 0.0632]]

 [[0.2548 0.3562 0.3890]
  [0.3120 0.5216 0.1664]
  [0.7810 0.1859 0.0331]]]

cpt: SHUNT | PULMEMBOLUS
[[0.4118 0.5882]
 [0.0715 0.9285]]

cpt: PULMEMBOLUS | 
[0.4963 0.5037]

cpt: PAP | PULMEMBOLUS
[[0.2697 0.1546 0.5757]
 [0.0547 0.7201 0.2252]]

cpt: HREKG | HR ERRCAUTER
[[[0.0681 0.4325 0.4994]
  [0.3915 0.4828 0.1257]
  [0.1638 0.6911 0.1451]]

 [[0.0124 0.4562 0.5314]
  [0.6434 0.2975 0.0591]
  [0.0721 0.8908 0.0371]]]

cpt: ERRCAUTER | 
[0.1206 0.8794]

cpt: HRBP | HR ERRLOWOUTPUT
[[[0.0809 0.1828 0.7363]
  [0.2523 0.6638 0.0839]
  [0.1353 0.8176 0.0471]]

 [[0.0104 0.0746 0.9150]
  [0.6066 0.3450 0.0484]
  [0.0334 0.9601 0.0065]]]

cpt: ERRLOWOUTPUT | 
[0.0562 0.9438]

cpt: HR | CATECHOL
[[0.6672 0.2726 0.0602]
 [0.1242 0.6720 0.2038]]

cpt: HRSAT | HR
[[0.0469 0.3230 0.6301]
 [0.5344 0.3953 0.0704]
 [0.0697 0.7643 0.1660]]

cpt: LVEDVOLUME | HYPOVOLEMIA LVFAILURE
[[[0.0009 0.9858 0.0133]
  [0.0789 0.4653 0.4557]]

 [[0.7422 0.2186 0.0392]
  [0.0058 0.0025 0.9917]]]

cpt: LVFAILURE | 
[0.1245 0.8755]

cpt: HISTORY | LVFAILURE
[[0.9847 0.0153]
 [0.0017 0.9983]]

cpt: PCWP | LVEDVOLUME
[[0.3809 0.5749 0.0441]
 [0.0076 0.9804 0.0120]
 [0.0795 0.0216 0.8989]]

cpt: CVP | LVEDVOLUME
[[0.8299 0.0456 0.1246]
 [0.0086 0.9661 0.0254]
 [0.0632 0.4698 0.4670]]

cpt: STROKEVOLUME | HYPOVOLEMIA
[[0.7930 0.0341 0.1729]
 [0.0086 0.9523 0.0391]]

cpt: HYPOVOLEMIA | 
[0.7606 0.2394]

cpt: CO | STROKEVOLUME HR
[[[0.8525 0.0602 0.0873]
  [0.0163 0.6843 0.2994]
  [0.3278 0.2091 0.4632]]

 [[0.0063 0.0141 0.9796]
  [0.0419 0.2817 0.6764]
  [0.2238 0.1015 0.6747]]

 [[0.5255 0.1855 0.2891]
  [0.0297 0.1808 0.7895]
  [0.3240 0.1252 0.5508]]]

cpt: TPR | ANAPHYLAXIS
[[0.4550 0.2964 0.2486]
 [0.1121 0.4291 0.4588]]

cpt: ANAPHYLAXIS | 
[0.7790 0.2210]

