test cpt1: STROKEVOLUME | HYPOVOLEMIA
[[0.3152 0.0817 0.6031]
 [0.2596 0.6168 0.1236]]

test cpt2: STROKEVOLUME | HYPOVOLEMIA
[[0.3631 0.0952 0.5417]
 [0.0261 0.9659 0.0080]]

test cpt3: STROKEVOLUME | HYPOVOLEMIA
[[0.0053 0.0023 0.9924]
 [0.7923 0.1443 0.0634]]

test cpt1: LVEDVOLUME | HYPOVOLEMIA LVFAILURE
[[[0.0001 0.0001 0.9997]
  [0.0017 0.9690 0.0294]]

 [[0.8223 0.1484 0.0293]
  [0.9898 0.0068 0.0034]]]

test cpt2: LVEDVOLUME | HYPOVOLEMIA LVFAILURE
[[[0.9894 0.0017 0.0089]
  [0.7103 0.1909 0.0988]]

 [[0.0795 0.2500 0.6705]
  [0.1585 0.7407 0.1008]]]

test cpt3: LVEDVOLUME | HYPOVOLEMIA LVFAILURE
[[[0.3468 0.6131 0.0401]
  [0.7433 0.2356 0.0212]]

 [[0.0078 0.0005 0.9917]
  [0.0809 0.0026 0.9165]]]

test cpt1: HISTORY | LVFAILURE
[[0.9515 0.0485]
 [0.5293 0.4707]]

test cpt2: HISTORY | LVFAILURE
[[0.9398 0.0602]
 [0.2766 0.7234]]

test cpt3: HISTORY | LVFAILURE
[[0.9691 0.0309]
 [0.0007 0.9993]]

test cpt1: TPR | ANAPHYLAXIS
[[0.8444 0.0249 0.1307]
 [0.8464 0.0802 0.0734]]

test cpt2: TPR | ANAPHYLAXIS
[[0.1026 0.0548 0.8425]
 [0.3199 0.5594 0.1207]]

test cpt3: TPR | ANAPHYLAXIS
[[0.6225 0.1327 0.2448]
 [0.3308 0.6094 0.0599]]

test cpt1: PRESS | INTUBATION
[[0.2816 0.1132 0.0476 0.5576]
 [0.5331 0.2151 0.1741 0.0777]
 [0.0329 0.0243 0.8987 0.0442]]

test cpt2: PRESS | INTUBATION
[[0.0100 0.1012 0.0075 0.8813]
 [0.0180 0.9613 0.0050 0.0157]
 [0.3501 0.0030 0.6414 0.0055]]

test cpt3: PRESS | INTUBATION
[[0.2052 0.1022 0.0154 0.6772]
 [0.7934 0.0986 0.0645 0.0434]
 [0.0230 0.0336 0.9265 0.0170]]

test cpt1: MINVOL | INTUBATION
[[0.2064 0.2346 0.1402 0.4189]
 [0.6482 0.1458 0.1230 0.0831]
 [0.0196 0.0116 0.9262 0.0427]]

test cpt2: MINVOL | INTUBATION
[[0.2469 0.0358 0.0007 0.7165]
 [0.9539 0.0027 0.0008 0.0427]
 [0.1442 0.0497 0.7902 0.0160]]

test cpt3: MINVOL | INTUBATION
[[0.1460 0.0533 0.0830 0.7176]
 [0.3686 0.3915 0.1292 0.1107]
 [0.0458 0.0283 0.8913 0.0346]]

test cpt1: SHUNT | PULMEMBOLUS
[[0.7505 0.2495]
 [0.1833 0.8167]]

test cpt2: SHUNT | PULMEMBOLUS
[[0.3736 0.6264]
 [0.8512 0.1488]]

test cpt3: SHUNT | PULMEMBOLUS
[[0.8234 0.1766]
 [0.1515 0.8485]]

test cpt1: PAP | PULMEMBOLUS
[[0.4067 0.0261 0.5672]
 [0.2902 0.6791 0.0306]]

test cpt2: PAP | PULMEMBOLUS
[[0.5657 0.0288 0.4055]
 [0.2840 0.6399 0.0761]]

test cpt3: PAP | PULMEMBOLUS
[[0.8222 0.0084 0.1694]
 [0.0464 0.8893 0.0643]]

test cpt1: PVSAT | FIO2
[[0.2095 0.1593 0.6312]
 [0.2165 0.6723 0.1113]]

test cpt2: PVSAT | FIO2
[[0.1757 0.2072 0.6171]
 [0.2047 0.5599 0.2354]]

test cpt3: PVSAT | FIO2
[[0.4459 0.1126 0.4415]
 [0.3281 0.5443 0.1276]]

test cpt1: VENTMACH | MINVOLSET
[[0.2550 0.0441 0.3918 0.3090]
 [0.4351 0.3344 0.1345 0.0959]
 [0.0207 0.0187 0.9264 0.0342]]

test cpt2: VENTMACH | MINVOLSET
[[0.0716 0.0161 0.8195 0.0928]
 [0.5001 0.1880 0.2084 0.1035]
 [0.0033 0.0024 0.9892 0.0051]]

test cpt3: VENTMACH | MINVOLSET
[[0.1311 0.0251 0.6885 0.1554]
 [0.4687 0.2359 0.1931 0.1023]
 [0.0073 0.0058 0.9756 0.0112]]

test cpt1: CVP | LVEDVOLUME
[[0.3046 0.0674 0.6280]
 [0.5753 0.3940 0.0307]
 [0.0559 0.4034 0.5407]]

test cpt2: CVP | LVEDVOLUME
[[0.7326 0.1554 0.1120]
 [0.3608 0.5469 0.0923]
 [0.0665 0.0658 0.8677]]

test cpt3: CVP | LVEDVOLUME
[[0.8023 0.0136 0.1841]
 [0.4041 0.5044 0.0915]
 [0.0963 0.0742 0.8295]]

test cpt1: PCWP | LVEDVOLUME
[[0.9742 0.0250 0.0007]
 [0.0083 0.9911 0.0006]
 [0.0307 0.0030 0.9662]]

test cpt2: PCWP | LVEDVOLUME
[[0.8778 0.0362 0.0860]
 [0.1857 0.7758 0.0384]
 [0.0674 0.0384 0.8942]]

test cpt3: PCWP | LVEDVOLUME
[[0.8090 0.0507 0.1403]
 [0.2598 0.6861 0.0541]
 [0.0560 0.0393 0.9047]]

test cpt1: SAO2 | SHUNT PVSAT
[[[0.3804 0.1322 0.4874]
  [0.2698 0.6425 0.0877]
  [0.0537 0.1129 0.8335]]

 [[0.4139 0.2546 0.3315]
  [0.0111 0.8210 0.1680]
  [0.0505 0.7833 0.1663]]]

test cpt2: SAO2 | SHUNT PVSAT
[[[0.2132 0.2491 0.5377]
  [0.2030 0.7355 0.0615]
  [0.0443 0.1473 0.8083]]

 [[0.2192 0.2748 0.5060]
  [0.0052 0.9244 0.0704]
  [0.0187 0.9222 0.0591]]]

test cpt3: SAO2 | SHUNT PVSAT
[[[0.3747 0.1719 0.4534]
  [0.1562 0.7949 0.0489]
  [0.0749 0.0772 0.8480]]

 [[0.2137 0.0864 0.6999]
  [0.0097 0.8799 0.1104]
  [0.0192 0.9312 0.0496]]]

test cpt1: VENTTUBE | DISCONNECT VENTMACH
[[[0.1729 0.0327 0.6040 0.1904]
  [0.4735 0.2117 0.2150 0.0997]
  [0.0064 0.0053 0.9788 0.0095]
  [0.1950 0.0498 0.7035 0.0517]]

 [[0.0148 0.4148 0.4850 0.0855]
  [0.0483 0.2588 0.1895 0.5034]
  [0.0655 0.0169 0.7640 0.1536]
  [0.1894 0.2433 0.5535 0.0138]]]

test cpt2: VENTTUBE | DISCONNECT VENTMACH
[[[0.2707 0.0464 0.3810 0.3019]
  [0.4337 0.3132 0.1561 0.0969]
  [0.0198 0.0193 0.9275 0.0334]
  [0.3706 0.0922 0.4621 0.0750]]

 [[0.0148 0.5048 0.3940 0.0865]
  [0.0480 0.2690 0.1781 0.5048]
  [0.0897 0.0216 0.6476 0.2411]
  [0.2120 0.3028 0.4707 0.0145]]]

test cpt3: VENTTUBE | DISCONNECT VENTMACH
[[[0.0822 0.0161 0.8297 0.0720]
  [0.5086 0.1103 0.3015 0.0796]
  [0.0012 0.0007 0.9967 0.0013]
  [0.0813 0.0216 0.8712 0.0259]]

 [[0.0149 0.4356 0.4625 0.0870]
  [0.0482 0.2589 0.1849 0.5080]
  [0.0396 0.0100 0.8792 0.0712]
  [0.2019 0.2569 0.5271 0.0140]]]

test cpt1: VENTLUNG | KINKEDTUBE VENTTUBE
[[[0.1085 0.0206 0.7510 0.1199]
  [0.4520 0.1680 0.2724 0.1075]
  [0.0013 0.0014 0.9949 0.0024]
  [0.2174 0.0434 0.6914 0.0478]]

 [[0.0146 0.3817 0.5185 0.0852]
  [0.0482 0.2498 0.1972 0.5048]
  [0.0315 0.0086 0.8939 0.0661]
  [0.2040 0.2631 0.5190 0.0140]]]

test cpt2: VENTLUNG | KINKEDTUBE VENTTUBE
[[[0.2241 0.0486 0.4654 0.2619]
  [0.3269 0.3815 0.1963 0.0954]
  [0.0147 0.0184 0.9410 0.0259]
  [0.3415 0.1113 0.4747 0.0725]]

 [[0.0145 0.4591 0.4437 0.0827]
  [0.0480 0.2717 0.1948 0.4855]
  [0.0691 0.0187 0.7370 0.1752]
  [0.1941 0.3087 0.4829 0.0143]]]

test cpt3: VENTLUNG | KINKEDTUBE VENTTUBE
[[[0.1827 0.0376 0.5558 0.2239]
  [0.3105 0.2846 0.2961 0.1087]
  [0.0097 0.0097 0.9631 0.0175]
  [0.2726 0.0775 0.5862 0.0637]]

 [[0.0142 0.3645 0.5430 0.0783]
  [0.0484 0.2541 0.2241 0.4734]
  [0.0507 0.0151 0.8038 0.1304]
  [0.1710 0.2501 0.5651 0.0138]]]

test cpt1: VENTALV | INTUBATION VENTLUNG
[[[0.2233 0.0467 0.5959 0.1341]
  [0.2000 0.5195 0.2246 0.0559]
  [0.0032 0.0033 0.9897 0.0038]
  [0.2952 0.0990 0.5678 0.0381]]

 [[0.0100 0.1558 0.7840 0.0502]
  [0.0471 0.1728 0.3802 0.3999]
  [0.0082 0.0020 0.9773 0.0125]
  [0.1129 0.1091 0.7693 0.0087]]

 [[0.0900 0.3991 0.4636 0.0473]
  [0.3182 0.3331 0.1633 0.1854]
  [0.0045 0.9827 0.0079 0.0049]
  [0.0409 0.8636 0.0532 0.0423]]]

test cpt2: VENTALV | INTUBATION VENTLUNG
[[[0.2394 0.0548 0.5470 0.1588]
  [0.2967 0.3730 0.2709 0.0593]
  [0.0066 0.0068 0.9769 0.0096]
  [0.3414 0.1184 0.5013 0.0389]]

 [[0.0121 0.5009 0.4257 0.0612]
  [0.0460 0.3086 0.2488 0.3966]
  [0.0246 0.0067 0.9221 0.0466]
  [0.1464 0.2966 0.5453 0.0117]]

 [[0.1232 0.3978 0.4214 0.0575]
  [0.3848 0.2496 0.1298 0.2358]
  [0.2185 0.0515 0.4121 0.3179]
  [0.0628 0.7947 0.0728 0.0697]]]

test cpt3: VENTALV | INTUBATION VENTLUNG
[[[0.2653 0.0751 0.3576 0.3020]
  [0.2519 0.5431 0.1349 0.0701]
  [0.0207 0.0309 0.9130 0.0354]
  [0.3665 0.1895 0.3730 0.0710]]

 [[0.0144 0.5791 0.3211 0.0854]
  [0.0477 0.2756 0.1709 0.5058]
  [0.1056 0.0247 0.5522 0.3175]
  [0.2313 0.3627 0.3912 0.0148]]

 [[0.1623 0.4122 0.3499 0.0756]
  [0.4227 0.2143 0.1044 0.2587]
  [0.2038 0.3742 0.1657 0.2562]
  [0.0783 0.7637 0.0703 0.0877]]]

test cpt1: ARTCO2 | VENTALV
[[0.0312 0.0614 0.9075]
 [0.0028 0.9939 0.0033]
 [0.0018 0.0050 0.9932]
 [0.0275 0.1073 0.8652]]

test cpt2: ARTCO2 | VENTALV
[[0.3597 0.1421 0.4982]
 [0.2422 0.6414 0.1164]
 [0.0305 0.0734 0.8961]
 [0.4139 0.2314 0.3548]]

test cpt3: ARTCO2 | VENTALV
[[0.1067 0.1171 0.7762]
 [0.3228 0.4437 0.2335]
 [0.0281 0.0279 0.9440]
 [0.1414 0.2091 0.6495]]

test cpt1: CATECHOL | INSUFFANESTH ARTCO2 SAO2
[[[[0.6967 0.3033]
   [0.2826 0.7174]
   [0.2883 0.7117]]

  [[0.5802 0.4198]
   [0.0104 0.9896]
   [0.0544 0.9456]]

  [[0.5806 0.4194]
   [0.1797 0.8203]
   [0.1885 0.8115]]]


 [[[0.5038 0.4962]
   [0.2815 0.7185]
   [0.0683 0.9317]]

  [[0.3333 0.6667]
   [0.1844 0.8156]
   [0.6938 0.3062]]

  [[0.3295 0.6705]
   [0.8587 0.1413]
   [0.1660 0.8340]]]]

test cpt2: CATECHOL | INSUFFANESTH ARTCO2 SAO2
[[[[0.0220 0.9780]
   [0.0367 0.9633]
   [0.2337 0.7663]]

  [[0.1199 0.8801]
   [0.0020 0.9980]
   [0.1652 0.8348]]

  [[0.0105 0.9895]
   [0.0283 0.9717]
   [0.2383 0.7617]]]


 [[[0.0994 0.9006]
   [0.0222 0.9778]
   [0.0228 0.9772]]

  [[0.0322 0.9678]
   [0.0153 0.9847]
   [0.9399 0.0601]]

  [[0.0274 0.9726]
   [0.0802 0.9198]
   [0.0530 0.9470]]]]

test cpt3: CATECHOL | INSUFFANESTH ARTCO2 SAO2
[[[[0.5111 0.4889]
   [0.2367 0.7633]
   [0.1833 0.8167]]

  [[0.2718 0.7282]
   [0.0049 0.9951]
   [0.0279 0.9721]]

  [[0.3610 0.6390]
   [0.1434 0.8566]
   [0.0701 0.9299]]]


 [[[0.4090 0.5910]
   [0.1958 0.8042]
   [0.0392 0.9608]]

  [[0.2007 0.7993]
   [0.1202 0.8798]
   [0.6481 0.3519]]

  [[0.2331 0.7669]
   [0.7753 0.2247]
   [0.1071 0.8929]]]]

test cpt1: EXPCO2 | ARTCO2
[[0.4944 0.0855 0.2196 0.2004]
 [0.0671 0.7655 0.0709 0.0965]
 [0.1884 0.4223 0.2368 0.1524]]

test cpt2: EXPCO2 | ARTCO2
[[0.3016 0.0300 0.1861 0.4823]
 [0.4233 0.4257 0.0827 0.0683]
 [0.0966 0.0888 0.7297 0.0849]]

test cpt3: EXPCO2 | ARTCO2
[[0.3592 0.0250 0.1763 0.4394]
 [0.3536 0.4760 0.0958 0.0746]
 [0.1811 0.2620 0.4624 0.0945]]

test cpt1: HR | CATECHOL
[[0.3499 0.2377 0.4124]
 [0.2987 0.5380 0.1633]]

test cpt2: HR | CATECHOL
[[0.9564 0.0394 0.0042]
 [0.4863 0.5101 0.0036]]

test cpt3: HR | CATECHOL
[[0.6383 0.1208 0.2410]
 [0.2981 0.6481 0.0538]]

test cpt1: CO | STROKEVOLUME HR
[[[0.0291 0.9692 0.0017]
  [0.0048 0.9942 0.0010]
  [0.0228 0.9692 0.0080]]

 [[0.0056 0.9942 0.0002]
  [0.0001 0.9999 0.0001]
  [0.0008 0.9989 0.0003]]

 [[0.9605 0.0240 0.0155]
  [0.0043 0.9908 0.0049]
  [0.0094 0.9872 0.0034]]]

test cpt2: CO | STROKEVOLUME HR
[[[0.0269 0.0118 0.9613]
  [0.0989 0.7993 0.1018]
  [0.1983 0.2098 0.5919]]

 [[0.8931 0.0713 0.0356]
  [0.0016 0.0530 0.9454]
  [0.1173 0.8107 0.0721]]

 [[0.0017 0.0010 0.9973]
  [0.0597 0.7153 0.2250]
  [0.3586 0.5501 0.0912]]]

test cpt3: CO | STROKEVOLUME HR
[[[0.6743 0.1411 0.1846]
  [0.0729 0.8346 0.0925]
  [0.0082 0.0051 0.9867]]

 [[0.7793 0.1431 0.0776]
  [0.0072 0.9849 0.0079]
  [0.4751 0.3150 0.2099]]

 [[0.1113 0.0377 0.8510]
  [0.0700 0.4353 0.4947]
  [0.7534 0.1330 0.1136]]]

test cpt1: HRBP | HR ERRLOWOUTPUT
[[[0.0608 0.0466 0.8926]
  [0.9194 0.0792 0.0014]
  [0.0028 0.0119 0.9853]]

 [[0.1309 0.2163 0.6528]
  [0.0068 0.9891 0.0040]
  [0.0274 0.7271 0.2456]]]

test cpt2: HRBP | HR ERRLOWOUTPUT
[[[0.8221 0.1683 0.0095]
  [0.1147 0.0941 0.7913]
  [0.0336 0.0075 0.9589]]

 [[0.7380 0.2470 0.0151]
  [0.0107 0.2307 0.7586]
  [0.3068 0.2283 0.4649]]]

test cpt3: HRBP | HR ERRLOWOUTPUT
[[[0.0323 0.1308 0.8368]
  [0.2328 0.7624 0.0048]
  [0.0922 0.0190 0.8887]]

 [[0.0825 0.8070 0.1105]
  [0.0191 0.9625 0.0185]
  [0.1642 0.0591 0.7768]]]

test cpt1: HREKG | HR ERRCAUTER
[[[0.2282 0.1190 0.6528]
  [0.7499 0.1833 0.0667]
  [0.0770 0.0497 0.8734]]

 [[0.2576 0.2348 0.5076]
  [0.0291 0.5800 0.3909]
  [0.1346 0.5025 0.3629]]]

test cpt2: HREKG | HR ERRCAUTER
[[[0.1419 0.0785 0.7796]
  [0.6438 0.3273 0.0289]
  [0.0805 0.2136 0.7060]]

 [[0.1992 0.3225 0.4783]
  [0.0404 0.7758 0.1838]
  [0.0581 0.7785 0.1634]]]

test cpt3: HREKG | HR ERRCAUTER
[[[0.0254 0.0412 0.9334]
  [0.9347 0.0606 0.0047]
  [0.0054 0.0122 0.9823]]

 [[0.0272 0.8311 0.1417]
  [0.0095 0.9763 0.0142]
  [0.0271 0.1191 0.8538]]]

test cpt1: HRSAT | HR
[[0.0246 0.4708 0.5045]
 [0.9350 0.0548 0.0102]
 [0.0218 0.0024 0.9758]]

test cpt2: HRSAT | HR
[[0.0093 0.1291 0.8616]
 [0.9016 0.0544 0.0441]
 [0.0018 0.0022 0.9960]]

test cpt3: HRSAT | HR
[[0.0067 0.0713 0.9220]
 [0.3709 0.6104 0.0188]
 [0.0897 0.0002 0.9101]]

test cpt1: BP | CO TPR
[[[0.5759 0.2684 0.1557]
  [0.8821 0.1144 0.0035]
  [0.0423 0.0446 0.9131]]

 [[0.7484 0.0940 0.1576]
  [0.0045 0.9799 0.0156]
  [0.1423 0.6917 0.1660]]

 [[0.0552 0.0305 0.9143]
  [0.3133 0.6435 0.0432]
  [0.8225 0.1147 0.0627]]]

test cpt2: BP | CO TPR
[[[0.9567 0.0116 0.0317]
  [0.6036 0.3695 0.0269]
  [0.1964 0.1070 0.6966]]

 [[0.9428 0.0303 0.0269]
  [0.0323 0.8271 0.1406]
  [0.0606 0.8661 0.0734]]

 [[0.5471 0.0401 0.4128]
  [0.1607 0.2537 0.5855]
  [0.1226 0.7232 0.1542]]]

test cpt3: BP | CO TPR
[[[0.7558 0.1046 0.1396]
  [0.7650 0.2191 0.0159]
  [0.0983 0.0977 0.8041]]

 [[0.6826 0.1890 0.1283]
  [0.0074 0.9600 0.0326]
  [0.0796 0.7571 0.1633]]

 [[0.3848 0.1277 0.4875]
  [0.4017 0.5347 0.0636]
  [0.3042 0.5060 0.1897]]]

cpt: INTUBATION | 
[0.2935 0.0206 0.6859]

cpt: DISCONNECT | 
[0.9931 0.0069]

cpt: MINVOLSET | 
[0.0314 0.0056 0.9630]

cpt: KINKEDTUBE | 
[0.9932 0.0068]

cpt: INSUFFANESTH | 
[0.9398 0.0602]

cpt: FIO2 | 
[0.6491 0.3509]

cpt: PULMEMBOLUS | 
[0.5406 0.4594]

cpt: ERRCAUTER | 
[0.9731 0.0269]

cpt: ERRLOWOUTPUT | 
[0.9910 0.0090]

cpt: LVFAILURE | 
[0.4379 0.5621]

cpt: HYPOVOLEMIA | 
[0.5224 0.4776]

cpt: ANAPHYLAXIS | 
[0.9815 0.0185]

test cpt: STROKEVOLUME | HYPOVOLEMIA:weight
[[-0.8300 0.3253 0.1260]
 [-1.1025 1.7590 -0.8351]
 [-0.0799 1.2765 -1.4425]
 [-0.5208 1.8420 -1.2941]
 [-0.1846 -0.8961 1.1889]
 [-0.1497 -1.6553 1.4697]
 [-0.8182 2.5122 -2.1461]
 [-0.7994 1.7937 -1.6692]
 [-0.7287 1.2086 -0.5217]
 [-0.3602 -0.8133 0.0627]
 [-0.0808 1.6977 -1.0293]
 [-0.3095 1.3775 -0.2920]
 [-0.2642 2.4933 -1.4897]
 [-0.9841 1.1900 -0.7767]
 [-0.8448 0.5952 0.6353]
 [-1.0924 3.6665 -3.6134]
 [-0.7412 2.2257 -1.6630]
 [-0.0636 -1.0502 1.7538]
 [-0.1272 0.5490 0.1868]
 [-1.1090 -2.1497 2.7348]
 [-1.0516 3.4859 -2.5203]
 [-0.1338 1.3189 -1.3597]
 [0.5064 1.1326 -1.7439]
 [-0.2063 1.9751 -2.1911]
 [0.1093 1.4247 -2.3006]
 [-0.6809 0.6654 -0.1279]
 [-0.8861 1.4058 -1.0999]
 [-0.0083 -0.7036 0.3215]
 [-0.2067 2.1305 -1.9143]
 [-0.1226 2.1244 -1.7759]
 [0.1713 -0.4808 1.2483]
 [-0.2198 2.1900 -1.8698]]

test cpt: STROKEVOLUME | HYPOVOLEMIA:bias
[-0.9609 0.7578 -0.1477]

test cpt: LVEDVOLUME | HYPOVOLEMIA LVFAILURE:weight
[[5.0902 -1.8934 -5.6476]
 [-2.8793 -0.3057 3.5294]
 [-0.5103 1.1377 0.7511]
 [1.1204 -1.3297 0.0439]
 [-2.8614 -1.0918 3.0036]
 [1.2264 -1.4490 -1.0215]
 [-0.3923 -1.0957 0.0866]
 [-3.0026 0.3406 2.8348]
 [0.5796 -1.7857 -1.1709]
 [0.3619 -0.6683 -0.2695]
 [-3.0507 -0.7592 2.5821]
 [-0.4835 0.9203 0.0513]
 [-0.8219 0.9267 1.9849]
 [-1.6138 -1.7330 1.3351]
 [1.4582 -1.9814 -0.4799]
 [-0.2553 -3.1388 -0.1518]
 [-3.5906 -0.6195 3.2434]
 [-3.6716 -0.1153 3.1908]
 [3.5705 1.0758 -2.2459]
 [-1.3341 -0.2044 1.2733]
 [-0.5191 -0.2223 0.4866]
 [1.3961 -1.8485 -2.0766]
 [-0.8060 -2.1003 0.9366]
 [-0.4393 -1.8027 -0.5509]
 [0.4442 0.4269 -0.5684]
 [0.1994 -0.9965 0.8371]
 [-2.7179 -1.5373 2.1089]
 [1.0794 -2.3506 -0.6039]
 [0.1725 -0.8251 -0.2886]
 [1.8811 -1.7314 -2.1769]
 [0.0331 -0.5659 0.7405]
 [-0.7842 -0.0323 0.6633]]

test cpt: LVEDVOLUME | HYPOVOLEMIA LVFAILURE:bias
[-0.3250 -1.3120 0.8850]

test cpt: HISTORY | LVFAILURE:weight
[[-0.4398 0.4347 0.7624]
 [-0.8712 0.2249 0.7131]
 [0.2725 -0.8910 1.1114]
 [-0.3232 -0.8956 1.3296]
 [-0.7071 0.3363 0.2952]
 [-0.0685 -0.0659 1.2847]
 [-0.4129 -1.1361 0.7808]
 [0.2661 -0.1051 0.2243]
 [-0.3272 -0.3293 0.7123]
 [-1.5822 -0.1806 2.1968]
 [-0.2538 0.5395 -1.3577]
 [0.3728 -0.0498 -0.4047]
 [-0.4445 -0.2296 0.2458]
 [-0.0114 -0.0150 0.8862]
 [-0.6741 -0.8726 0.9118]
 [0.2848 -0.0756 0.4553]
 [-0.3802 0.3525 -0.1157]
 [-0.7424 0.0794 -0.0171]
 [-0.6249 -0.5617 1.4997]
 [0.1797 -0.7757 0.7285]
 [-0.3243 -0.2785 0.7776]
 [-1.2852 0.3333 1.2104]
 [-0.9447 -1.3527 1.7188]
 [-0.3370 -0.6607 0.9064]
 [-0.5443 0.4625 0.2826]
 [-0.2008 -0.8037 0.5636]
 [-0.9896 0.2094 1.0101]
 [0.2111 -0.2919 0.6040]
 [-0.3857 -0.1324 0.8782]
 [-0.9991 0.1995 0.1786]
 [0.2810 -0.4885 -0.1481]
 [-0.6904 -0.0365 0.9466]]

test cpt: HISTORY | LVFAILURE:bias
[-0.6400 -0.4956 1.3002]

test cpt: TPR | ANAPHYLAXIS:weight
[[0.7498 -1.2018 -0.3521]
 [0.6094 -0.2597 0.3177]
 [-1.2780 0.3029 1.3185]
 [1.3397 -1.3842 -0.3283]
 [-1.6321 4.3123 -2.0412]
 [2.6606 -0.6086 -4.0084]
 [-0.2457 0.1577 0.6738]
 [-1.4276 0.8658 1.6704]
 [1.0421 -0.7246 -1.8143]
 [0.0276 0.3588 -0.0948]
 [-0.5233 0.0443 1.7443]
 [0.6251 2.8620 -4.2173]
 [0.5462 -0.1858 -0.4558]
 [0.4033 -1.7427 2.1576]
 [-0.4536 0.8291 -0.2955]
 [1.8958 -3.1959 2.1884]
 [-1.4204 2.2209 -1.4088]
 [0.1271 -0.3284 1.0015]
 [-0.4822 2.5354 -4.2954]
 [-2.5973 3.5324 -2.4812]
 [1.0284 -0.2363 0.0779]
 [1.3662 -2.1366 1.8144]
 [-0.7238 1.8618 -1.2119]
 [-2.4847 1.4408 1.5861]
 [0.0023 0.8582 -1.1297]
 [1.8111 -2.5845 -0.5729]
 [-3.7631 1.8128 2.1934]
 [2.7090 -1.7153 -3.6369]
 [2.0321 -1.9442 -2.0405]
 [-2.1647 2.0818 0.7087]
 [0.8320 -1.1054 -0.9249]
 [1.2120 -2.2808 -0.9828]]

test cpt: TPR | ANAPHYLAXIS:bias
[0.2956 0.1596 -0.2190]

test cpt: PRESS | INTUBATION:weight
[[0.3686 0.1338 -0.5687]
 [-1.6481 1.0698 -1.0169]
 [-0.2215 -0.3011 0.6114]
 [-0.7457 0.8576 -0.5715]
 [-0.5368 -0.3797 -0.2948]
 [-0.1781 0.7154 -0.2821]
 [-0.9969 0.8694 -0.2231]
 [-0.5979 -0.2286 -0.2368]
 [-0.1219 0.1306 -0.2365]
 [-0.5106 1.2469 -0.4901]
 [-0.2818 0.0659 0.0658]
 [-0.0160 -0.3159 0.0614]
 [0.0018 -0.4126 -0.3897]
 [-0.8058 1.7429 -1.7873]
 [-0.4752 -0.2445 -0.4303]
 [-0.6684 1.2628 -1.2154]
 [-0.3874 0.2833 0.2029]
 [0.0284 -0.0359 -0.2771]
 [0.1426 0.5996 0.1412]
 [0.2532 -0.5799 0.6429]
 [-1.3854 1.0955 -0.9458]
 [-0.0122 0.2385 0.1443]
 [-0.3562 0.2547 0.2480]
 [-0.4709 1.0515 -0.2759]
 [-1.2291 1.1418 -0.8241]
 [-0.0084 1.1965 -0.5228]
 [0.1953 -0.0164 0.4303]
 [-0.4758 0.0080 0.0705]
 [-0.2188 1.1061 -0.7852]
 [-0.3545 1.3618 -1.0202]
 [-0.2343 0.5188 -0.0411]
 [0.3618 1.2474 -0.6135]]

test cpt: PRESS | INTUBATION:bias
[-1.1583 1.3618 -0.9149]

test cpt: MINVOL | INTUBATION:weight
[[-0.6205 0.4042 0.4460]
 [-0.4732 1.0014 -0.5921]
 [-0.4771 0.0948 -0.4797]
 [-0.6546 0.8016 -0.7139]
 [-0.7116 0.5189 -0.3432]
 [-0.4882 0.6538 -0.8859]
 [-0.3843 0.0162 -0.1237]
 [-0.7191 0.9588 -0.0995]
 [0.1930 -0.2049 -0.3611]
 [-0.0038 0.9168 -0.7248]
 [-0.9015 0.3353 -0.7163]
 [0.0042 -0.0894 0.4428]
 [-0.6412 0.5706 0.4931]
 [-1.2952 0.8297 -0.7148]
 [0.2744 0.2509 0.4282]
 [-1.4985 1.1543 -1.1937]
 [0.4051 0.5450 -0.5939]
 [0.4107 -0.4697 -0.2930]
 [-0.4003 -0.1161 0.7245]
 [-0.0234 0.4310 -0.2214]
 [-1.4482 1.9078 -0.6555]
 [-0.4337 -0.0823 -0.4997]
 [0.1666 -0.6454 -0.4471]
 [0.5169 -0.1048 0.3975]
 [-1.0527 0.9059 -0.7262]
 [-0.8282 0.6219 -0.4712]
 [0.3392 0.6738 0.0012]
 [-0.6162 1.2602 -0.9783]
 [-0.2369 0.3994 -0.4193]
 [0.0749 0.0726 -0.2629]
 [-0.9104 1.1461 -0.1703]
 [0.2955 0.2988 0.0749]]

test cpt: MINVOL | INTUBATION:bias
[-1.0757 1.4353 -0.8183]

test cpt: SHUNT | PULMEMBOLUS:weight
[[-0.3206 -0.6723 0.0668]
 [0.1589 -0.9142 1.6904]
 [-0.0230 -0.8458 0.6923]
 [-0.2403 -0.9506 1.2473]
 [-0.0605 -1.5379 2.3492]
 [-0.1114 -1.1892 1.9360]
 [-0.5316 0.0616 0.2764]
 [0.3105 -1.3432 1.2212]
 [0.2031 -1.6879 2.2592]
 [0.0724 0.4327 0.4633]
 [-0.4269 -0.7116 1.4739]
 [0.1545 0.5573 -0.2607]
 [1.1306 -1.2107 1.1766]
 [-1.9189 1.4635 -1.4203]
 [0.5917 -1.3639 1.9307]
 [0.2832 -0.6209 0.7757]
 [-0.1218 0.1047 -0.0576]
 [-0.0135 -0.4967 0.6715]
 [-0.2087 -1.1131 0.2578]
 [-0.8403 1.9165 -1.5864]
 [-0.3460 -2.1505 2.3128]
 [-0.4486 0.8632 -1.6036]
 [-0.3933 -0.7181 1.0255]
 [-0.6812 0.2189 -0.0296]
 [0.2470 0.3495 0.1303]
 [-1.0109 -2.3677 2.8632]
 [-0.3559 -0.2937 0.8681]
 [-0.8732 2.1229 -2.7145]
 [-0.2510 -1.3673 0.8651]
 [0.1785 -0.3129 0.2019]
 [0.6474 -1.8649 1.5764]
 [-0.4338 0.8543 -0.5492]]

test cpt: SHUNT | PULMEMBOLUS:bias
[-0.4865 -0.8462 1.2935]

test cpt: PAP | PULMEMBOLUS:weight
[[-0.3041 -0.1559 0.0625]
 [-0.6311 -0.8779 0.8425]
 [-0.8444 -0.0175 0.6021]
 [0.4188 0.0481 0.5849]
 [0.4724 -0.2411 -0.0925]
 [-0.5161 -0.7921 -0.0515]
 [-0.4357 -0.4730 -0.1977]
 [-0.5323 -0.4970 0.9266]
 [0.2264 -0.2624 0.3940]
 [0.0340 -0.1225 0.4304]
 [-0.8042 -0.2283 0.2905]
 [0.6885 -0.3106 -0.6510]
 [-0.9666 0.1994 1.0762]
 [0.3701 -0.2014 0.4103]
 [0.3386 -0.6430 0.4606]
 [-0.2138 -0.1567 -0.2083]
 [0.6009 -0.3180 0.1712]
 [-0.0149 -0.4243 -0.2695]
 [-0.8151 -0.7847 0.3324]
 [0.5732 -0.0854 -0.3426]
 [-1.3645 -0.7150 1.6868]
 [-0.2506 0.6795 0.0194]
 [-0.0683 0.2790 -0.4199]
 [0.0922 0.6764 -0.0779]
 [-0.4513 0.3464 0.1859]
 [-0.2264 -0.4323 0.1544]
 [-0.4862 -0.4177 1.2908]
 [0.1135 -0.0505 0.2524]
 [-0.2897 0.3591 0.0909]
 [-0.5410 0.0668 0.7152]
 [-0.0818 -0.3730 0.0303]
 [-0.1564 -0.3880 -0.0903]]

test cpt: PAP | PULMEMBOLUS:bias
[-0.3274 -0.5993 0.7524]

test cpt: PVSAT | FIO2:weight
[[-0.3760 0.4992 -0.4624]
 [-0.0135 1.0684 -1.1246]
 [-0.2805 -0.3241 -0.3352]
 [-0.2952 0.5314 -0.8617]
 [-0.2377 -0.3873 0.3069]
 [-0.0054 -0.2682 -0.4068]
 [-0.1908 0.1327 -0.8466]
 [-0.2743 0.1386 -0.3727]
 [0.2153 0.6103 -0.2550]
 [-0.5147 -0.1578 -0.4693]
 [0.0406 0.5003 -0.6700]
 [-0.1132 0.0660 -0.0546]
 [-0.3140 0.1344 0.3114]
 [-0.3825 0.4266 -0.9276]
 [-0.4617 0.2720 -0.1918]
 [-0.3346 0.4944 0.0032]
 [0.3714 0.2012 -0.2304]
 [0.2364 -0.3745 -0.0510]
 [-0.0511 0.4008 -0.2337]
 [-0.0932 0.2805 -0.5172]
 [-0.6020 0.6784 -0.9283]
 [0.0543 0.2033 -0.5297]
 [0.0497 0.4175 -0.0597]
 [-0.0655 0.7862 -0.8184]
 [-0.6085 0.0932 0.3452]
 [0.7017 0.6634 -0.2095]
 [-0.1278 0.6603 0.2419]
 [-0.3197 0.6876 -0.4807]
 [-0.1920 0.3086 0.0683]
 [-0.4910 0.3745 -0.4485]
 [-0.0851 0.5515 -0.0312]
 [0.2182 0.2156 -0.0129]]

test cpt: PVSAT | FIO2:bias
[-0.0090 0.5946 -0.6119]

test cpt: VENTMACH | MINVOLSET:weight
[[-0.0605 -0.4855 0.4768]
 [-0.4848 0.6073 -0.1236]
 [-0.4412 -0.1026 0.4913]
 [-0.8851 0.0589 0.5771]
 [-0.1550 -0.3939 -0.7714]
 [-0.1630 0.1352 -0.2005]
 [-0.7465 0.0317 -0.5024]
 [0.2524 -0.6165 -0.3406]
 [0.3605 -0.1381 -0.2858]
 [-0.3277 0.5019 -0.0405]
 [-0.3895 0.1663 0.5550]
 [0.2267 0.1754 0.2262]
 [-0.5279 -0.4909 0.7977]
 [0.1377 0.4789 -0.7129]
 [-0.1115 0.3940 0.2197]
 [0.1139 0.8248 0.0758]
 [0.3958 -0.5112 0.5004]
 [-0.2808 0.5195 -0.1534]
 [0.0752 0.3615 0.2514]
 [-0.3644 -0.2481 0.4385]
 [0.2467 0.5802 -0.3785]
 [0.1960 0.1682 -0.0009]
 [-0.0917 -0.1274 0.1126]
 [0.0909 -0.0378 0.6675]
 [-0.5825 -0.3380 -0.5894]
 [0.3094 0.8476 -0.0438]
 [-0.4724 -0.3173 0.6125]
 [-0.6714 0.0880 0.6855]
 [-0.5761 1.0689 -0.4530]
 [0.0281 -0.3262 -0.4480]
 [0.1034 -0.5532 -0.1836]
 [0.5679 0.4877 0.3173]]

test cpt: VENTMACH | MINVOLSET:bias
[-0.3607 0.3388 -0.0415]

test cpt: CVP | LVEDVOLUME:weight
[[0.1389 -0.5917 -1.1946]
 [1.3157 -0.1110 -0.9812]
 [1.1451 0.9446 -1.4386]
 [1.0530 -0.9443 -0.7032]
 [0.0532 0.4016 -0.3890]
 [1.6824 -1.2837 -1.3777]
 [1.1319 -0.4236 -0.2652]
 [0.7843 0.3271 -0.7750]
 [0.1920 -0.2103 0.1470]
 [1.7122 -1.0816 -1.0944]
 [-0.4210 0.7537 0.1137]
 [-0.4463 0.4011 -0.5259]
 [-0.0711 -2.5797 0.5186]
 [0.3876 -1.3999 -0.0768]
 [0.8656 0.5447 -1.9693]
 [1.4874 -0.0143 -0.4837]
 [-0.3626 -0.0549 -0.0092]
 [0.3936 -0.0191 -0.5935]
 [-0.5535 0.1733 0.1205]
 [-0.9724 0.4503 1.5656]
 [1.1220 -1.3150 -0.7333]
 [0.3795 0.1012 -0.2004]
 [1.1388 0.5334 -1.3455]
 [-0.9150 -0.6504 0.6423]
 [0.9794 -0.0661 -0.4399]
 [1.5582 -0.6862 -1.5643]
 [0.2606 -0.3677 0.0344]
 [0.5220 -0.3222 -0.2564]
 [0.7623 -0.1469 -1.0220]
 [0.2809 0.1195 0.5706]
 [-0.0315 -0.0059 0.3997]
 [0.1327 -0.3889 -1.3656]]

test cpt: CVP | LVEDVOLUME:bias
[1.3345 -0.5248 -1.0803]

test cpt: PCWP | LVEDVOLUME:weight
[[0.1415 -0.0532 -0.7268]
 [1.5659 -0.8160 -0.4251]
 [0.7170 0.1198 -0.4672]
 [1.6853 -0.7796 -0.3853]
 [0.0617 -0.2052 -0.0528]
 [1.0881 -0.5866 -1.1944]
 [0.9760 -0.7186 -0.2342]
 [0.2974 0.2513 -0.0166]
 [0.8311 -0.3535 -0.0516]
 [0.5999 -0.3357 -0.5896]
 [1.1183 -0.3497 -0.8958]
 [0.6523 0.1501 0.1659]
 [0.7053 -0.0350 -0.0481]
 [1.0281 -0.6582 -0.1959]
 [1.2114 -0.1667 -0.9206]
 [1.0615 -0.6178 -1.2276]
 [0.7834 -0.3491 -0.8002]
 [0.3112 0.0301 -0.1352]
 [0.1594 0.1632 -0.4179]
 [-0.2539 0.1807 -0.1292]
 [0.6768 -1.1825 -0.7176]
 [-0.1662 -0.5026 0.0612]
 [-0.0710 0.1567 -0.1650]
 [0.9161 0.0279 0.1282]
 [-0.3120 0.1836 -0.3145]
 [0.8957 -0.3492 -1.2334]
 [0.9969 -0.1814 -0.0956]
 [-0.0416 -0.1816 -0.1116]
 [0.6110 -0.7694 -0.2528]
 [0.6292 0.4864 -0.0905]
 [0.3192 -0.6166 0.0133]
 [0.8404 -0.3484 -0.1480]]

test cpt: PCWP | LVEDVOLUME:bias
[1.4905 -0.7037 -1.0582]

test cpt: SAO2 | SHUNT PVSAT:weight
[[-0.6257 0.7005 0.2467]
 [-0.1137 -0.1105 1.3332]
 [-0.2587 0.0203 -0.3850]
 [-0.0374 -0.6625 0.7101]
 [0.1471 -0.9563 0.0995]
 [-0.5472 0.7210 0.2888]
 [-0.8965 -0.0963 0.8866]
 [-0.2079 -0.6001 0.6950]
 [0.0250 0.1048 0.2349]
 [-0.6572 0.5002 -0.0673]
 [-0.9499 0.1783 0.9567]
 [-0.1559 -0.4622 0.6350]
 [-0.3119 -0.4074 0.4727]
 [-0.6441 -0.2843 0.3579]
 [-0.6850 0.3098 -0.3089]
 [-0.5192 -0.4604 0.3225]
 [0.1075 -0.0732 0.3927]
 [-0.4596 -0.0631 0.9460]
 [-0.6645 -0.0100 0.3070]
 [-0.0127 -1.0920 0.2431]
 [-0.4092 -0.4325 0.1676]
 [-0.6352 0.3541 0.0015]
 [0.1450 -0.5646 0.0372]
 [-0.6837 0.3643 -0.5097]
 [0.3225 -0.5599 0.5303]
 [-0.9014 -0.3179 0.7442]
 [-0.2319 0.8015 0.0098]
 [-0.3833 -0.1512 1.2911]
 [-0.7521 -0.9560 0.7404]
 [-0.9470 -0.3150 0.6704]
 [-0.0155 0.1246 0.2021]
 [-0.4033 0.3223 -0.0353]]

test cpt: SAO2 | SHUNT PVSAT:bias
[-0.5898 -0.2675 0.8901]

test cpt: VENTTUBE | DISCONNECT VENTMACH:weight
[[0.6926 -0.1786 0.0979]
 [-0.5291 0.0507 0.9370]
 [-0.3076 0.0551 0.2061]
 [-0.1918 -1.0615 0.8230]
 [0.0776 -0.2054 -0.5277]
 [0.0360 -0.6319 0.4718]
 [-0.0811 -0.8404 0.9772]
 [-0.7540 0.5887 0.0826]
 [0.3715 -0.0837 0.1743]
 [-0.4385 -0.1025 1.0863]
 [-0.1336 0.8114 0.2544]
 [-0.1642 0.4575 -0.1177]
 [0.0405 -0.4870 0.3718]
 [-0.6531 0.2345 -0.4719]
 [-0.5336 -0.5791 0.5924]
 [-0.3495 0.1256 1.4166]
 [0.3080 0.2491 0.4224]
 [-0.1549 0.5524 0.3242]
 [0.5515 0.3840 0.4649]
 [-0.4394 -0.6150 -0.0331]
 [-0.5580 0.5738 0.7303]
 [-0.4249 0.0233 0.1634]
 [0.1778 0.1626 -0.5514]
 [0.3663 0.1215 -0.5453]
 [-0.1321 -0.3157 0.0670]
 [-0.6649 -0.3269 0.2760]
 [-0.0741 0.3709 0.1609]
 [0.1535 0.0737 -0.6730]
 [-0.6222 -0.5760 1.3511]
 [0.3538 -0.0839 0.6442]
 [0.4778 -0.7357 0.3776]
 [-1.1359 0.6680 0.9716]]

test cpt: VENTTUBE | DISCONNECT VENTMACH:bias
[-0.5061 -0.3236 0.7497]

test cpt: VENTLUNG | KINKEDTUBE VENTTUBE:weight
[[0.4008 -0.6041 -0.2898]
 [0.8346 -0.6053 0.1337]
 [-0.0631 0.1423 0.0493]
 [0.0891 -0.6095 -0.1331]
 [0.7535 0.0233 -0.7061]
 [-0.3045 -0.0903 0.7357]
 [0.8489 -0.6160 0.0645]
 [0.7216 -0.5843 -0.4315]
 [-0.2957 -0.8322 0.6856]
 [0.7299 0.4837 -0.3665]
 [0.7130 0.3924 -0.3009]
 [-0.2204 0.4437 0.3319]
 [0.1935 -0.2263 -0.4074]
 [0.9397 0.3430 -0.5324]
 [0.1173 0.3475 0.5013]
 [0.5171 -0.3969 -0.9715]
 [-0.0551 -0.3317 0.2941]
 [-0.1450 -0.3519 -0.1540]
 [-0.4442 0.1833 0.8234]
 [-0.0153 -0.1131 -0.0690]
 [0.5123 0.0090 -0.7437]
 [0.2747 0.0066 0.1784]
 [0.3268 -0.5266 0.5656]
 [0.0529 -0.4305 -0.0290]
 [0.6797 0.5146 -0.5199]
 [0.4533 -0.4227 -0.4567]
 [0.0396 0.1294 -0.5352]
 [0.0577 -0.8032 0.7305]
 [1.2614 0.5706 -0.8856]
 [-0.1305 -0.6610 0.3634]
 [0.8912 -0.5532 -0.2147]
 [0.1585 0.8109 -0.2390]]

test cpt: VENTLUNG | KINKEDTUBE VENTTUBE:bias
[0.9104 -0.2769 -0.2347]

test cpt: VENTALV | INTUBATION VENTLUNG:weight
[[-1.4259 1.6948 0.1062]
 [0.5559 0.4660 -0.9713]
 [-0.1232 -0.4640 0.2708]
 [1.4263 -0.5966 -0.5852]
 [-1.8092 2.3874 -0.3493]
 [-0.5595 0.3611 0.3349]
 [-0.9648 1.0139 -1.0075]
 [1.2497 -1.7125 -0.5959]
 [0.7499 -0.6028 -0.3372]
 [-2.2626 1.9221 0.2451]
 [2.4682 -2.0031 -0.4070]
 [-0.2142 -0.0090 0.2472]
 [-0.0529 0.2721 -0.3677]
 [-1.1933 1.2712 -0.6233]
 [1.0152 -1.0986 -0.0001]
 [-0.7790 1.4955 -0.1123]
 [1.2092 -0.7360 0.0995]
 [0.9241 -0.8055 -0.0012]
 [0.4677 0.0774 -0.2205]
 [-0.1989 0.9318 -0.3670]
 [-0.5950 1.4375 0.2961]
 [0.0769 0.7243 -0.3389]
 [0.1892 -0.2714 -0.2470]
 [0.2059 -0.2108 0.1570]
 [0.3071 -0.0644 0.7268]
 [-1.4070 1.7211 -0.6179]
 [0.3750 0.1080 0.0144]
 [0.3521 -0.7113 -0.4786]
 [-1.3095 1.4460 -0.2483]
 [0.0982 -0.0910 -0.6352]
 [0.3214 0.3562 -0.0783]
 [-0.4841 0.6596 -0.0937]]

test cpt: VENTALV | INTUBATION VENTLUNG:bias
[-0.3693 0.8907 -0.3385]

test cpt: ARTCO2 | VENTALV:weight
[[-0.2307 0.0890 0.0763]
 [1.8769 -0.9427 -1.5803]
 [0.5489 -0.0311 -0.4485]
 [1.9119 -0.2419 -0.9639]
 [-0.7443 0.0788 0.1223]
 [-0.7788 0.0898 0.8063]
 [0.9299 -0.4544 -0.5494]
 [2.5792 -0.0747 -1.9717]
 [-0.4562 -0.4812 0.2144]
 [0.4140 0.1699 -0.8735]
 [1.7193 -0.0579 -1.6057]
 [-1.3710 0.0461 1.7795]
 [1.4066 0.3229 -1.6957]
 [2.0662 -0.8448 -1.2032]
 [0.6323 -0.3964 0.3879]
 [1.2060 -0.1858 -1.2823]
 [0.5705 0.1788 -0.9798]
 [1.2754 -0.0633 -1.6733]
 [1.1086 -0.1329 0.2942]
 [-0.8533 -0.0011 1.8147]
 [2.5519 -0.5309 -1.1731]
 [1.1700 -0.1299 -0.3544]
 [0.6958 0.3183 -1.2622]
 [0.9677 -0.6981 -0.2942]
 [1.6052 0.7554 -1.5762]
 [2.1105 -0.1508 -0.8156]
 [1.4569 -0.8365 -0.6789]
 [1.3264 -0.6458 -1.0921]
 [1.1689 -0.3462 -0.4245]
 [0.3150 -0.6677 0.1294]
 [1.6030 -0.4351 -1.1632]
 [1.7413 -0.4886 -1.3098]]

test cpt: ARTCO2 | VENTALV:bias
[1.9209 -0.4598 -1.1036]

test cpt: CATECHOL | INSUFFANESTH ARTCO2 SAO2:weight
[[-0.0742 0.1868 -0.1629]
 [-0.1932 1.8188 -0.0811]
 [-0.2027 0.9500 -1.0163]
 [-0.1369 1.0456 -0.8671]
 [0.5103 0.3425 -0.0331]
 [-0.4067 0.7364 0.0088]
 [-0.7854 0.8377 -0.0661]
 [-0.3071 1.1599 -0.1836]
 [-0.5227 -0.4063 1.5794]
 [-0.0378 0.9803 -0.9127]
 [-0.4199 2.7358 -1.7220]
 [-0.7164 1.2593 -0.5420]
 [0.2606 1.3134 -0.5874]
 [-0.3339 -0.3531 0.4885]
 [-0.0015 0.3919 0.7229]
 [-0.4020 1.7051 -0.6744]
 [-0.9104 -0.0348 0.5228]
 [-0.3709 0.1440 -0.1029]
 [-0.2359 0.3998 0.2719]
 [-0.6279 0.5445 0.0775]
 [-0.8674 2.0690 -1.4913]
 [-0.4867 0.7915 -0.0745]
 [-0.8934 -0.2316 0.3846]
 [-0.7161 0.1635 0.0306]
 [0.2610 -0.1121 -0.3326]
 [-0.8089 0.8624 -0.2154]
 [-0.8885 0.5762 0.3964]
 [0.1053 0.0921 0.7801]
 [-0.0513 1.9890 -0.6127]
 [-0.2659 0.9666 0.0645]
 [-0.3790 0.0735 -0.2813]
 [-0.8176 0.8045 -0.6606]]

test cpt: CATECHOL | INSUFFANESTH ARTCO2 SAO2:bias
[-0.6675 1.5841 -0.5830]

test cpt: EXPCO2 | ARTCO2:weight
[[0.5764 0.1047 -0.4762]
 [1.1405 -0.8402 -0.4573]
 [0.2452 0.5601 -0.3922]
 [1.3844 -0.0390 -0.5109]
 [-0.2702 0.4424 0.7176]
 [0.5187 -0.6622 -0.2331]
 [0.1852 -0.6105 -1.1861]
 [-0.2129 0.5764 0.4736]
 [0.4280 -0.9311 -1.0765]
 [0.6236 -0.0219 -0.6220]
 [0.3753 -0.0345 0.0337]
 [1.1433 0.0118 -0.5738]
 [0.1263 -0.4003 -0.1266]
 [0.8426 0.0025 -0.8778]
 [-0.4070 -0.2537 -0.0242]
 [0.0120 -0.3774 -0.2765]
 [0.9141 -0.4452 -0.6265]
 [0.5436 0.2111 -0.8718]
 [1.0785 -0.5933 -1.0274]
 [0.8090 0.0821 -0.5096]
 [0.2364 -0.5461 0.0167]
 [0.0536 -0.4986 0.2832]
 [0.0211 0.1879 -0.1642]
 [0.7594 -0.1267 -0.2948]
 [-0.1700 0.2824 0.3418]
 [0.9220 -0.3536 -0.3552]
 [1.3558 -0.7508 -0.6686]
 [-0.3858 0.2102 0.0167]
 [1.2886 -0.1924 -0.3272]
 [1.0163 0.0119 -0.0824]
 [-0.2416 -0.3573 -0.1957]
 [0.3278 -0.5264 -1.0857]]

test cpt: EXPCO2 | ARTCO2:bias
[0.7339 -0.3492 -0.7509]

test cpt: HR | CATECHOL:weight
[[-0.1421 0.8410 0.1195]
 [1.7640 -1.0440 -0.8608]
 [-2.5955 2.9979 -0.7874]
 [3.0362 -2.8261 -0.2852]
 [-0.6910 0.5401 -0.0661]
 [-0.3757 1.1309 -0.7149]
 [1.6189 -1.3722 0.3451]
 [0.0649 -0.2165 -1.0470]
 [0.3475 0.9735 -1.2525]
 [2.8901 -2.3828 -0.6771]
 [0.5038 0.3650 -0.3740]
 [-1.3895 1.0438 -0.3311]
 [-0.1823 1.0919 1.0963]
 [1.9221 -1.5653 -1.0485]
 [2.7094 -2.5702 -0.5101]
 [3.2878 -2.8385 -0.5720]
 [-1.4577 1.0686 0.0469]
 [0.4607 0.1077 0.1202]
 [-1.1595 0.6882 -0.8321]
 [2.9421 -2.4020 0.8205]
 [1.2544 -1.1608 -1.3687]
 [-4.2123 3.4888 -0.4301]
 [2.9403 -1.9036 0.0931]
 [2.7447 -1.8655 0.7475]
 [1.1621 -0.9295 -0.6393]
 [0.6085 -0.2300 -0.4132]
 [1.6472 -0.1335 0.3445]
 [1.2090 -0.3038 -1.3347]
 [0.1798 0.8887 -1.2099]
 [3.0142 -2.1612 1.1364]
 [-0.7489 0.9735 -1.1013]
 [0.1087 0.4779 -1.7202]]

test cpt: HR | CATECHOL:bias
[1.3635 -0.8085 -0.8208]

test cpt: CO | STROKEVOLUME HR:weight
[[5.2937 0.1407 -4.0902]
 [-3.3977 -0.2505 3.5852]
 [-0.1340 0.5546 -0.9061]
 [-0.7458 -4.0345 0.9894]
 [-1.0927 2.3162 0.5798]
 [1.7898 -0.7328 -0.7952]
 [-2.5061 0.3172 2.7818]
 [-0.3015 0.7611 1.0010]
 [0.3738 0.1737 0.4659]
 [-0.6171 -1.8498 0.3493]
 [-0.3893 0.9523 0.5550]
 [-1.6780 1.3736 1.3405]
 [1.6967 -0.8702 -1.6983]
 [-0.8566 -0.7137 1.0548]
 [-0.6505 1.6324 0.6038]
 [0.6479 -3.6991 -0.5742]
 [-1.2911 -1.2325 1.3684]
 [-4.7316 3.1724 3.8892]
 [0.6913 0.1275 -0.9772]
 [-0.4917 1.9632 0.9711]
 [-0.8933 -3.5742 0.9407]
 [2.3974 -2.2856 -1.6475]
 [-2.7290 -1.6454 2.6775]
 [0.8279 -0.1467 -1.2768]
 [-2.0110 -0.4016 2.1713]
 [0.0280 0.5315 -0.1688]
 [0.9753 -0.0242 -1.4543]
 [0.3123 0.4096 0.7198]
 [0.4940 -3.3837 0.6287]
 [1.5078 0.0759 -1.7986]
 [-0.5050 0.9132 1.6444]
 [-0.0841 -2.2291 0.7497]]

test cpt: CO | STROKEVOLUME HR:bias
[-1.2440 -0.3109 1.3990]

test cpt: HRBP | HR ERRLOWOUTPUT:weight
[[-0.9058 2.1615 -1.4076]
 [1.1512 -2.6404 1.1283]
 [0.7359 -1.8646 2.3308]
 [-0.3496 -0.3613 0.3790]
 [0.9029 -0.5031 0.7237]
 [-1.2727 1.5391 -3.3101]
 [2.7173 -2.6707 0.1402]
 [-1.7426 0.0399 2.3560]
 [-1.3715 1.0911 -0.4373]
 [1.4935 -2.0801 -0.7744]
 [-0.3162 -0.4863 2.5184]
 [0.4478 -1.0666 1.8674]
 [-1.4748 1.5390 -0.0518]
 [1.4451 -1.1919 0.3595]
 [0.3268 -1.3289 2.7346]
 [-0.6541 0.9699 -1.1079]
 [0.5928 -0.9308 -0.2222]
 [-0.6557 -1.8995 2.0637]
 [1.0702 -1.2627 2.7494]
 [0.2744 -1.1248 -0.2190]
 [-0.6286 0.2917 1.2035]
 [1.0140 -0.1271 -0.7045]
 [-0.8385 -1.1809 1.0902]
 [3.5656 -1.6514 -1.8059]
 [-2.9079 -0.5752 2.9901]
 [0.3522 -0.3100 0.1778]
 [1.9288 -0.5714 -3.5437]
 [2.3552 -1.8121 -0.7086]
 [-2.0390 0.7066 1.5735]
 [-3.2630 3.5783 -4.2771]
 [2.5311 -3.2876 1.5513]
 [0.5966 -0.1624 1.3146]]

test cpt: HRBP | HR ERRLOWOUTPUT:bias
[0.9132 -1.2295 1.2813]

test cpt: HREKG | HR ERRCAUTER:weight
[[-0.8340 0.9778 0.1880]
 [-0.1299 -0.1764 1.3312]
 [0.6257 1.2555 -2.0202]
 [-0.7750 -0.6648 1.4824]
 [0.3157 -1.3181 1.8317]
 [-0.1437 1.6411 0.0354]
 [-0.2029 -2.3618 2.1068]
 [-0.3405 -0.7851 0.9575]
 [-0.4756 1.0349 0.6618]
 [0.2342 -0.4149 1.1068]
 [0.6967 -0.5616 0.3598]
 [0.0684 3.9760 -3.8633]
 [-1.2117 0.3910 1.0786]
 [0.5326 -0.0327 -0.0815]
 [-0.4466 -2.0997 1.3695]
 [-1.2537 -0.8216 1.7043]
 [-0.5932 1.1365 -0.4713]
 [0.7343 -0.3655 0.2319]
 [-1.0526 -0.0900 0.4448]
 [0.1793 -2.9339 1.4845]
 [-0.3732 0.7133 0.9924]
 [-1.1557 -0.8988 0.8570]
 [0.8940 1.5246 -1.3394]
 [0.8883 2.2877 -0.9063]
 [0.3130 0.6450 0.3579]
 [-0.6975 -2.9674 2.1023]
 [-0.1034 0.3471 1.0080]
 [-0.3287 -0.6295 1.0773]
 [-0.3500 -0.4866 -0.2207]
 [-0.1885 -0.0248 1.2798]
 [-0.3039 0.7273 0.8803]
 [-0.8262 -0.7974 1.6742]]

test cpt: HREKG | HR ERRCAUTER:bias
[-0.7087 -1.2663 2.3088]

test cpt: HRSAT | HR:weight
[[0.0530 -0.8871 -0.1243]
 [-0.7652 -0.7915 1.8352]
 [-0.4964 -2.0615 1.2592]
 [-0.9524 0.3508 1.3060]
 [2.6854 -2.4241 0.8954]
 [-0.0318 0.8264 0.2340]
 [0.6400 -0.8002 2.9494]
 [-3.8834 3.0868 0.0155]
 [-1.3319 1.8402 1.2772]
 [1.3884 -2.4464 2.2134]
 [-2.7277 2.2806 -0.7787]
 [-0.6361 -0.0138 3.5953]
 [-2.5624 2.9637 1.5727]
 [-1.2165 2.8818 -2.0890]
 [2.5529 -2.0975 0.4108]
 [-0.1276 -0.6478 2.1173]
 [-0.6245 -0.4294 1.1375]
 [-0.3528 1.4026 -2.2452]
 [-1.2908 0.8054 -0.3196]
 [1.4557 -2.4810 2.1667]
 [-0.3871 1.4676 -0.0837]
 [0.8018 -1.9674 2.1101]
 [-1.1139 -1.4915 2.7617]
 [2.2548 -2.1289 0.7753]
 [-0.4841 -2.9601 6.8923]
 [-0.8159 1.8668 -0.5565]
 [0.2489 1.7018 -3.3103]
 [-1.1453 0.1035 2.3272]
 [-0.1233 -1.1249 0.4396]
 [-0.8138 1.4064 -3.5378]
 [-1.4098 0.6031 1.5386]
 [1.0771 -1.3090 2.1068]]

test cpt: HRSAT | HR:bias
[-0.1805 -0.0678 1.0929]

test cpt: BP | CO TPR:weight
[[2.6665 -3.1825 0.6404]
 [0.0801 0.8005 -1.4887]
 [1.7896 -0.8457 -0.6899]
 [-0.2758 0.8666 -0.6578]
 [2.3059 -2.4276 -1.5391]
 [2.2292 -2.0038 0.2308]
 [0.6263 -0.5647 -0.7963]
 [-2.0267 2.8066 -0.4938]
 [1.3268 -0.6671 0.0950]
 [0.4825 0.2650 -0.9768]
 [-0.3618 0.8170 -0.7719]
 [-0.6957 0.9024 -1.3111]
 [-1.3367 1.5006 -0.6423]
 [0.2222 0.6690 -0.2889]
 [1.1392 -0.7751 -0.5382]
 [3.3157 -2.3104 -0.0551]
 [-1.0023 0.8386 -0.1437]
 [1.9560 -1.1842 -1.3059]
 [-2.6786 3.7724 0.3541]
 [-1.5863 2.1411 -0.2455]
 [0.4839 0.0353 -0.6869]
 [2.3754 -2.1117 1.2941]
 [0.3748 -0.2518 -0.3558]
 [-1.8101 2.8666 -1.5316]
 [-0.2185 -0.5190 -0.2148]
 [1.3700 -1.5449 -1.2009]
 [-1.4730 1.6006 -0.9803]
 [1.6397 -1.3975 -0.0091]
 [1.0854 -0.5885 -0.9713]
 [-0.3070 1.2993 -1.1118]
 [-1.7541 2.0106 -0.5819]
 [1.6711 -1.9295 -0.6409]]

test cpt: BP | CO TPR:bias
[0.3764 0.2602 -1.3106]

